"","Latitude","Longitude","WSC_MAX","AN","ADB","NNI","Ntotal","WSC_I","DBI","DAI","RO","RF","TMN_F","WSC_F","SSR_F","TMN_CW","WSC_CW","SSR_CW","TMN_B","WSC_B","SSR_B","TMN_FLO","WSC_FLO","SSR_FLO","TMN_P","WSC_P","SSR_P"
"INRA11",48.13916,-1.799776,197.4,246.47,4,0.94,130,91.8,7.5,4.8,0,9.8,11.6,33.2,52400.6,2.8,84.1,15716.8,7.4,95.6,46967,12.1,74.2,26752.8,44.6,61.7,116668.5
"BGA11",43.7825,1.341389,122.1,482.4,8.48,1.07,120,65.8,4.3,3.7,0,21.2,13.7,34.9,72079.8,4.2,80.5,18424.7,7.3,75.4,57394.2,13.5,38.3,33044.3,51.6,11.7,116667.3
"INRA12",48.13916,-1.799776,197.4,428.72,5.73,1.13,80,70.2,4.5,4.5,0,10.9,11.5,27.7,61960.9,3.5,72,21928.2,8.7,67.3,26142.5,9.8,48.4,32794.6,41.5,234.1,111937.6
"INRA13",48.13916,-1.799776,197.4,389.02,5.59,1.04,80,93.9,4.5,6,0,13.7,10.2,70,68962.1,4.4,98.3,22690.6,6.4,97.5,19378,8.4,94.8,26874.2,40.3,203.9,107343.7
"EUR14",46.914158,1.756584,122.1,446.5,7.69,1.56,140,85.7,5,3,2,20.6,14,52.3,59193.6,4.5,96.8,19324.8,6.9,96.5,50433.5,10.2,62.6,25583.8,42.4,65.9,130398.9
"RAGT14",50.66556,2.926667,153.6,379.69,4.09,1.05,170,70.8,4.2,6.7,0,11,12.3,62.5,49166.8,4.9,95.7,7216.5,7.2,94.9,60514.1,11.7,53.6,28736.3,45.1,83.4,111024.6
"MAD14",47.44324,1.14943,138.9,335.5568411,4.323486594,0.997415466,160,86.7,4,5.2,1.3,9.9,13.5,57,45613.9,4,96.3,13136.5,7.3,94.3,61951.4,11.6,51.2,31409.5,44.9,144.8,110980.1
"SYN14",49.663611,2.834444,189.6,292.41,3.3,1.12,90,92.7,3.8,3.9,1.8,11.8,12.4,42.8,46235.9,4.1,88.6,8803,7,94.8,60993.4,10.4,65,27449.9,44,198.2,108563.5
"TI15",47.230468,5.10036,122.1,357.19,4.29,1.3,140,89,6.3,5,2.6,15.1,12.7,55.8,61859.1,3.3,98.8,31517.5,7.5,84.2,46956.4,13,49.1,34397.2,52.1,85.6,112000.2
"INRA15",48.13916,-1.799776,197.4,309.83,5.68,0.9,40,98.2,1,5,1,6.9,12.1,46,65143.3,4.9,99.1,26499.5,5.4,92.2,32406,12.8,71,38573.9,45.3,156.6,121415.8
"BGA15",43.7825,1.341389,122.1,223.18,2.65,1.2,122,85.7,5,5,0,11.2,15,23,102739.1,4.9,59.2,31646.5,9,85.8,40713.6,12.6,64.3,38607.9,53.1,44.7,111959.3
"RAGT15",50.66556,2.926667,153.6,315.3001351,8.46,1.030989935,175,81,3.7,5.4,1.3,17.5,12.8,46.2,50931.1,4.4,95.2,31498.1,7.6,90.4,41913.4,11.9,62.5,32208.3,48.2,59.5,117592.3
"MAD15",47.44324,1.14943,138.9,315.3187708,4.037961186,1.034259631,130,97.4,4.3,4.4,3.6,14.1,13,38.1,60224.2,4.4,94.8,27777,7.8,90.2,39694.8,12.79,57.4,34049,50.4,126.6,114461.2
"SYN15",49.663611,2.834444,189.6,175.08,1.91,1.25,130,93.8,2.4,5.3,1.9,11.7,12.5,41.5,59277.7,3.9,94.5,32664,7.2,89.7,38418.9,11.4,64.7,33296.4,45.6,114.8,123526.9
"LIM15",48.62417,2.7641667,197.4,586.57,6.03,1.44,147,91,4,5.3,0,17.3,13.1,23.5,72394.8,4.3,79.9,40902.6,8.2,88.2,41995.9,12.8,70.1,34493.9,51.1,88.1,132623
"INRA16",48.13916,-1.799776,197.4,428.96,5.6,1.02,70,98.9,3,0,6,51,11.5,44.4,69684.8,4.1,91,3707.9,7,98.3,34188.8,8.5,95.7,19329.1,41.1,235.5,97205.3
"EUR18",47.749049,1.225634,150.8,337.69,4.42,1.15,150,98.9,3.5,1,4.1,28.2,12,29.4,63646.7,4.7,84.6,31894.2,7.3,98.9,20925.6,13.3,95.2,26105.1,48.9,146.9,107313.7
"INRA18",48.13916,-1.799776,197.4,312.87,3.37,1.05,70,99.5,6,1,6,37.4,11.9,42.7,43923,6.3,96.6,33056.3,7.8,99.6,20831.3,13.3,90.9,29248.4,49.2,183.5,112337.1
