"","Year(a)","Location(b)","Latitude","Longitude","ENVIRONNEMENT","Nitrogen(d)","Population(e)","MET(f)","Seed.yield(g)","NNI.(h)","Envirotype.(i)","WSC_MAX","AN","ADB","NNI","Ntotal","WSC_I","DBI","DAI","RO","RF","TMIN_F","TMAX_F","TMN_F","FR_F","HT_F","LT_F","LGDD_F","WD_F","WS_F","WSC_F","SSR_F","LSR_F","TMIN_CW","TMAX_CW","TMN_CW","FR_CW","LT_CW","LGDD_CW","WSC_CW","SSR_CW","LSR_CW","VERN","TMIN_B","TMAX_B","TMN_B","FR_B","LT_B","LGDD_B","WSC_B","SSR_B","LSR_B","TMIN_FLO","TMAX_FLO","TMN_FLO","HT_FLO","LT_FLO","LGDD_FLO","WS_FLO","WSC_FLO","SSR_FLO","LSR_FLO","QPT","TMIN_P300","TMAX_P300","TMN_P300","HT_P300","LT_P300","WS_P300","WSC_P300","SSR_P300","LSR_P300","TMIN_P600","TMAX_P600","TMN_P600","HT_P600","WD_P600","WS_P600","WSC_P600","SSR_P600","LSR_P600","TMIN_P1000","TMAX_P1000","TMN_P100","HT_P1000","WD_P1000","WS_P1000","WSC_P1000","SSR_P1000","LSR_P1000","PARTENAIRE"
"1","2010-2011","Le Rheu",48.13916,-1.799776,"LR11","N+ (130U)","AM","MET-47",42.8,"0.94","-",197.4,246.47,4,0.94,130,91.8,7.5,4.8,0,9.8,-1.2,26.9,11.6,2,1,15,814.3,6,25,33.2,52400.6,51,-5.9,12.8,2.8,21,24,150.1,84.1,15716.8,49,45,-4,19.4,7.4,14,23,545.9,95.6,46967,57,2.4,24.8,12.1,0,2,254.8,0,74.2,26752.8,8,1.05,3.8,25.2,14.8,1,1,6,41.4,36541.6,2,6.7,24.2,14.4,0,2,19,14.8,38540.8,1,5.4,27.8,15.4,2,6,21,5.5,41586.1,8,"INRA11"
"2","2010-2011","Mondonville",43.7825,1.341389,"MD11","N+ (120U)","AM","MET-47",29.2,"1.07","-",122.1,482.4,8.48,1.07,120,65.8,4.3,3.7,0,21.2,0,28.3,13.7,0,9,8,1052.2,4,28,34.9,72079.8,35,-5.5,19.3,4.2,18,16,183.7,80.5,18424.7,43,15,-4.6,16.6,7.3,13,28,541.1,75.4,57394.2,47,3.5,28.1,13.5,4,3,283.6,5,38.3,33044.3,5,1.17,4.3,23,15,0,2,8,2.3,40908,2,10,27.9,18.2,5,13,4,0.8,35326.8,1,11.1,30.8,18.4,8,11,11,8.6,40432.5,1,"BGA11"
"3","2011-2012","Le Rheu",48.13916,-1.799776,"LR12","N+ (80U)","AM","MET-47",33.3,"1.13","-",197.4,428.72,5.73,1.13,80,70.2,4.5,4.5,0,10.9,-0.1,29.1,11.5,1,7,23,1398,0,89,27.7,61960.9,102,-7.9,14,3.5,24,6,157.4,72,21928.2,31,8,-0.1,21.8,8.7,1,15,271.2,67.3,26142.5,18,1,22.8,9.8,0,12,206.1,0,48.4,32794.6,4,1.59,1.9,23.6,10.7,0,6,0,77.2,30614.2,13,5.3,29.7,14.9,2,0,0,78.3,44077.1,3,9.4,28.2,15.9,2,0,0,78.6,37246.3,9,"INRA12"
"4","2012-2013","Le Rheu",48.13916,-1.799776,"LR13","N+ (80U)","AM","MET-47",33.6,"1.04","-",197.4,389.02,5.59,1.04,80,93.9,4.5,6,0,13.7,-3.7,28.4,10.2,6,3,27,1324.4,5,26,70,68962.1,111,-3.3,13.5,4.4,11,32,221.4,98.3,22690.6,46,18,-2.5,16.3,6.4,5,12,172.8,97.5,19378,20,-1.2,22.8,8.4,0,8,177.1,0,94.8,26874.2,7,1.52,0.4,23.6,11.2,0,5,0,72.1,39169.4,8,4.4,27.8,13.1,2,0,0,66.6,36257.5,5,7.9,24.9,16,0,0,0,65.2,31916.8,9,"INRA13"
"5","2013-2014","Châteauroux",46.914158,1.756584,"CH14","N+ (140U)","AM/P173","MET-47/22",29.4,"1.56","EB",122.1,446.5,7.69,1.56,140,85.7,5,3,2,20.6,-0.2,31.3,14,1,5,5,1039.4,3,28,52.3,59193.6,48,-3.5,13.2,4.5,14,28,216.5,96.8,19324.8,48,38,-1.6,18.8,6.9,5,44,521,96.5,50433.5,55,-1.1,23.3,10.2,0,7,214.8,0,62.6,25583.8,4,1.19,1.8,20.4,11,0,8,15,31.1,42101.6,6,6.3,24.3,13.2,0,0,23,24.4,41027.9,2,7.9,28.7,18.2,7,6,16,10.4,47269.4,0,"EUR14"
"6","2013-2014","Prémesques",50.66556,2.926667,"PRE14","N+ (170U)","AM/P173","MET-47/22",24.4,"1.05","ED",153.6,379.69,4.09,1.05,170,70.8,4.2,6.7,0,11,0.5,31.2,12.3,0,1,10,934.4,1,20,62.5,49166.8,56,-2.5,9.9,4.9,6,15,122.5,95.7,7216.5,25,12,-1.7,20.5,7.2,3,55,778.9,94.9,60514.1,83,3.6,21,11.7,0,4,245,0,53.6,28736.3,5,1.17,5.7,20.6,12.4,0,0,6,38.1,37313,6,8.6,26.3,15.3,0,0,17,28.6,32337.8,3,10.6,26.3,17.4,1,1,21,16.7,41373.8,4,"RAGT14"
"7","2013-2014","Selommes",47.44324,1.14943,"SEL14","N+ (160U)","AM/P173","MET-47/22",34.4,"-","EB",138.9,335.5568411,4.323486594,0.997415466,160,86.7,4,5.2,1.3,9.9,0.4,30.7,13.5,0,3,7,986,6,18,57,45613.9,58,-4,11.4,4,13,22,150.6,96.3,13136.5,37,20,-1.5,19.4,7.3,4,61,714,94.3,61951.4,71,1.9,12.5,11.6,0,8,243.6,3,51.2,31409.5,3,1.29,4.4,20.4,11.9,0,1,3,51.1,33207.7,9,8,26.7,14.4,1,0,0,50,34796.6,2,11.9,27.9,18.6,4,0,4,43.7,42975.8,2,"MAD14"
"8","2013-2014","Verpillères",49.663611,2.834444,"VER14","N+ (90U)","AM/P173","MET-47/22",35.7,"1.12","EB",189.6,292.41,3.3,1.12,90,92.7,3.8,3.9,1.8,11.8,-0.1,30.7,12.4,1,2,7,906.7,2,34,42.8,46235.9,58,-2.8,9.6,4.1,7,22,127.8,88.6,8803,31,29,-1.5,20,7,5,65,775.5,94.8,60993.4,85,3.2,20.6,10.4,0,6,218.5,0,65,27449.9,5,1.26,4.3,24.4,12.4,0,1,0,63.4,38204.6,6,7.4,25.5,15.3,2,0,0,69.8,29336.8,5,8.6,25.9,16.3,1,0,0,65,41022.1,4,"SYN14"
"9","2014-2015","Dijon",47.230468,5.10036,"DIJ15","N+ (140U)","AM/P173","MET-47/22",49.7,"1.3","EA",122.1,357.19,4.29,1.3,140,89,6.3,5,2.6,15.1,0.7,25.9,12.7,0,6,10,1083.1,2,32,55.8,61859.1,57,-6.9,13,3.3,32,49,323.1,98.8,31517.5,84,40,-2.7,19.4,7.5,6,23,309.1,84.2,46956.4,16,2.8,23.6,13,0,1,273.8,1,49.1,34397.2,5,1.26,5.6,26.9,14.8,3,0,1,60.9,37483.2,3,5.9,32.5,18.2,6,5,12,11,35285.6,0,9.2,30.3,19.1,9,3,18,13.7,39231.4,1,"TI15"
"10","2014-2015","Le Rheu",48.13916,-1.799776,"LR15","N+ (40U)","AM/P173","MET-47/22",32.2,"0.9","EC",197.4,309.83,5.68,0.9,40,98.2,1,5,1,6.9,-2.6,26.4,12.1,2,4,13,1329.4,2,46,46,65143.3,82,-4.4,14.6,4.9,21,24,292.8,99.1,26499.5,53,17,-0.4,15.6,5.4,1,18,308.2,92.2,32406,22,1.9,25,12.8,1,6,268.7,0,71,38573.9,5,1.44,3.3,22.8,12.9,0,2,0,64.3,31162.9,8,5.7,25.3,14.1,1,0,0,50.3,40993.4,2,9.4,33.9,18.3,7,0,3,42,49259.5,2,"INRA15"
"11","2014-2015","Mondonville",43.7825,1.341389,"MD15","N+ -120U)","AM/P173","MET-47/22",29.2,"1.2","EC",122.1,223.18,2.65,1.2,122,85.7,5,5,0,11.2,-0.1,29.6,15,1,25,15,1666.4,16,65,23,102739.1,60,-4.8,15.7,4.9,19,23,265.6,59.2,31646.5,47,9,0.4,18.9,9,0,17,359.3,85.8,40713.6,14,1,26.4,12.6,1,5,264.7,1,64.3,38607.9,1,1.46,6.6,23.7,15.7,0,0,5,36.8,26176.1,4,9.9,27.6,16.7,4,10,8,6.4,39497.1,0,12.4,32.8,20.7,10,18,2,1.5,46286.1,0,"BGA15"
"12","2014-2015","Prémesques",50.66556,2.926667,"PRE15","N+ (175U)","AM/P173","MET-47/22",40.2,"-","EB",153.6,315.3001351,8.46,1.030989935,175,81,3.7,5.4,1.3,17.5,4.4,26.3,12.8,0,2,4,1035.4,0,27,46.2,50931.1,61,-3.5,13.6,4.4,22,61,426.7,95.2,31498.1,94,49,-1.6,21.7,7.6,2,22,297.5,90.4,41913.4,15,2.6,24.2,11.9,0,5,249.1,0,62.5,32208.3,4,1.29,6.3,23.6,13.3,0,0,4,44.7,37295.5,3,8.6,31.1,15.8,3,6,14,11.2,40592.6,3,9.6,33.6,19.1,7,9,12,3.6,39704.2,2,"RAGT15"
"13","2014-2015","Selommes",47.44324,1.14943,"SEL15","N+ (160U)","AM/P173","MET-47/22",25.7,"-","EB",138.9,315.3187708,4.037961186,1.034259631,130,97.4,4.3,4.4,3.6,14.1,0.5,26.9,13,0,4,6,1063.2,8,21,38.1,60224.2,57,-5.6,12.9,4.4,28,46,401.3,94.8,27777,89,23,-2.2,20.6,7.8,6,21,313.1,90.2,39694.8,21,3,25.5,12.79,1,4,268.5,0,57.4,34049,5,1.27,4.4,26.1,13.6,1,1,0,81.7,35738.4,5,7.1,31.6,16.9,3,0,7,37.8,34956.1,2,8.9,36,19.9,9,8,13,7.1,43766.7,1,"MAD15"
"14","2014-2015","Verpillères",49.663611,2.834444,"VER15","N+ (130U)","AM/P173","MET-47/22",36,"1.25","EA",189.6,175.08,1.91,1.25,130,93.8,2.4,5.3,1.9,11.7,3.4,25.7,12.5,0,2,4,1112.2,0,36,41.5,59277.7,64,-3.8,14.5,3.9,28,57,391.9,94.5,32664,95,36,-2.5,20.6,7.2,5,19,260.7,89.7,38418.9,14,2.4,24.4,11.4,0,4,239.8,0,64.7,33296.4,6,1.39,5.2,24,12.6,0,0,0,57.3,39896.8,0,6,31.1,15,2,0,5,37.8,39392.9,1,7.9,33.4,18,7,0,23,19.7,44237.2,2,"SYN15"
"15","2014-2015","Yébles",48.62417,2.7641667,"YEB15","N+ (150U)","AM/P173","MET-47/22",38.2,"1.44","EA",197.4,586.57,6.03,1.44,147,91,4,5.3,0,17.3,3.1,26.6,13.1,0,3,4,1161.7,1,67,23.5,72394.8,42,-5.8,16,4.3,33,49,430.9,79.9,40902.6,88,31,-1.4,20.7,8.2,2,21,285.4,88.2,41995.9,11,4.5,24.1,12.8,0,2,269.1,0,70.1,34493.9,4,1.28,5.2,25.4,13.8,1,0,0,62.1,44451.6,0,9.9,32.5,17.1,4,0,12,25.5,40268.7,1,9.1,36.2,20.2,9,17,4,0.5,47902.7,0,"LIM15"
"16","2015-2016","Le Rheu",48.13916,-1.799776,"LR16","N+ (170U)","AM","MET-47",32.6,"1.02","-",197.4,428.96,5.6,1.02,70,98.9,3,0,6,51,1.6,23.8,11.5,0,0,16,1449.4,0,50,44.4,69684.8,99,-1.6,14.4,4.1,2,9,49.2,91,3707.9,12,9,-2.4,14.4,7,6,29,399.7,98.3,34188.8,43,0.2,16.1,8.5,0,12,178.5,0,95.7,19329.1,11,1.08,0,20.9,10.8,0,13,0,86.8,43065.7,8,4.8,21.7,13.9,0,0,0,72.6,27898.6,8,9.6,25.9,16.4,2,0,0,76.1,26241,16,"INRA16"
"17","2017-2018","Blois",47.749049,1.225634,"BLO18","N+ (150U)","AM","MET-47",32,"1.15","-",150.8,337.69,4.42,1.15,150,98.9,3.5,1,4.1,28.2,-2.3,24.8,12,3,0,16,1082.3,1,51,29.4,63646.7,64,-9.2,14.1,4.7,30,36,459.8,84.6,31894.2,86,25,-2.4,16.9,7.3,4,14,218.9,98.9,20925.6,22,4.1,26.9,13.3,4,1,279.4,0,95.2,26105.1,10,0.93,2.9,25.4,13.1,2,2,0,66.5,39327.7,7,8.3,26.2,17.4,4,0,1,38.3,31858.3,2,9.1,28.4,18.4,3,0,3,42.1,36127.7,6,"EUR18"
"18","2017-2018","Liverdy",48.7048247,2.7564469,"LIV18","N+ (150U)","AM","MET-47",27.5,"1.37","-",179.3,397.38,3.49,1.37,147,96.6,4.2,4.4,2.2,19.9,-0.9,23.1,11.9,2,0,17,1086.7,0,6,80,59416.1,66,-9.2,14.7,4.6,21,45,451.3,99.3,32348.2,84,24,-2.1,20.6,8,5,10,296.6,98.1,25619.1,28,6.9,27.2,14.2,3,0,297.2,0,84.1,21412.2,3,1.06,4.6,25.2,13.8,1,3,0,58.7,42431.2,4,12.3,26.3,19.2,4,0,0,57.5,23763.1,3,10,26.7,18.4,3,0,0,91.1,39505.9,3,NA
"19","2017-2018","Le Rheu",48.13916,-1.799776,"LR18","N+ (70U)","AM","MET-47",24.9,"1.05","-",197.4,312.87,3.37,1.05,70,99.5,6,1,6,37.4,1.1,20.8,11.9,0,0,16,940.3,0,14,42.7,43923,63,-6.9,14.1,6.3,16,39,589.7,96.6,33056.3,83,15,-1.9,15.5,7.8,2,14,271.6,99.6,20831.3,29,5.5,25.9,13.3,1,0,278.3,0,90.9,29248.4,5,1.05,4.3,26.3,12.7,1,1,0,68.7,48734,3,11.9,26.7,17.7,2,0,0,42.3,21863.7,6,10.7,28.9,18.8,6,0,0,72.5,41739.4,4,"INRA18"
